function res=pvdetect(filestring,sheet,beginindex,endindex,invA)
% function res=pvdetect(filestring,sheet,beginindex,endindex)
% detect physical violence:shake,push,shoulderhit vs run,walk,situp,jump,play

% parameters
thres1=0.26; % 一段动作中出现的霸凌动作的比例门限
thres2=999;  % 一段动作中出现的霸凌动作绝对数值门限
winlen = 400; % fs = 50Hz, sliding window = 8s

% K-NN dataset
% raw feature data
% walk
walk_peak_polarr = [0	0	0   0.7848	0.7582	0.7014	1.1535	0.6475	1.2341	0.633	0.6141	0.631	0.6196	0.7262	0.6011	1.1346	0.7511	0.6513	0.894	0.8177	0.7284	0.6563	0.6563	0.6833	0.9196	0.6447	0.7657	0.7449	0.8335	1.409	1.0263	0.6505	1.3455	0.8163	0.9541	0.6283	0.7288	0.8977	0.7115	0.9356	1.3891	0.8932	0.6532	0.9093	0.9439	0.7616	1.0241	0.6632	1.1582	0.8511	0.8087	0.8548	1.0615	0.8988	1.2075	0.6372	1.1377	1.7226	1.0171	0.8087	0.8548	1.0615	0.8988	1.2075	0.6372	1.1377	1.7226	1.0171	1.2141 0 0 0]';
walk_delta_polarth = [0	0 0	28.0102	39.1293	80.5467	18.2257	11.2791	35.9286	0.136	26.6547	40.284	18.9536	24.0556	16.8408	149.2661	34.9238	104.3064	100.683	146.1839	57.5529	15.8498	15.8498	75.3475	41.8646	42.9756	54.1547	27.6904	17.4671	82.1478	20.9433	14.3719	15.0646	7.7698	126.3837	26.7061	0.2281	31.5952	1.1748	8.472	83.5894	21.9954	73.828	4.2863	0.3946	29.691	38.9759	1.4378	13.4969	2.7285	40.406	6.9187	15.4702	121.5322	49.8657	43.0149	53.9117	13.6124	7.3221	40.406	6.9187	15.4702	121.5322	49.8657	43.0149	53.9117	13.6124	7.3221	6.6709 0 0 0]';
walk_mean_peak_gyro = [0	0   0	 34.0388	76.427	76.6098	45.5388	42.7238	47.2533	61.9614	61.0364	66.8704	38.5428	85.8696	57.226	82.0131	56.6865	52.7338	63.7006	60.2765	103.4903	45.8617	45.8617	103.7427	140.7751	107.6991	59.6469	57.6512	107.2401	100.3819	81.3122	109.6035	148.3978	100.7607	98.8094	74.5572	83.719	144.3736	141.3333	108.1898	96.8997	95.6617	81.5228	127.6532	150.1859	91.7543	71.6465	108.7098	133.9386	65.3231	46.9075	91.801	117.6424	120.823	97.7886	85.5772	72.3925	134.653	55.8104	46.9075	91.801	117.6424	120.823	97.7886	85.5772	72.3925	134.653	55.8104	109.199 0 0 0]';
walk_area_accy = [0 0 0   10.7412    21.2938   21.7668   16.3708   16.6813   18.1882   17.5903   18.0254   17.9746   12.5566   16.2673   13.2913   19.4745   18.0175   16.9330   13.0610   13.3081   13.3589   12.3696   17.1791   53.7381   58.2525   60.9003   65.4684   66.3549   78.2502   78.8032   79.1495   78.9498   80.7037   82.6253   82.6253   82.3401   82.4200   82.1414   82.9942   81.7147   82.6125   80.5296   79.6487   78.3047   77.3660   74.0348   74.2795   73.8547   73.3474   73.2327   75.4845   73.0428   74.0115   75.2627   74.1176   77.3532   78.7819   79.8135   83.7401   51.0711   58.2525   60.7419   60.7526   68.7601   70.7916   72.1065   79.2123   78.8592   81.6492        0 0 0]';
walk_mean_afterpeak_polarr = [0	 0  0	 0.2013	0.2295	0.2109	0.3295	0.3352	0.2728	0.2655	0.2522	0.246	0.2514	0.2187	0.1758	0.2738	0.2317	0.2544	0.2607	0.2548	0.2107	0.2513	0.2513	0.401	0.4325	0.4667	0.5097	0.5068	0.5031	0.516	0.4731	0.4816	0.4876	0.5183	0.5115	0.5001	0.4988	0.4877	0.4976	0.4831	0.4564	0.4482	0.4281	0.4237	0.4073	0.4394	0.415	0.4058	0.4325	0.4579	0.5184	0.4678	0.4512	0.4623	0.4102	0.423	0.4355	0.3676	0.4299	0.5184	0.4678	0.4512	0.4623	0.4102	0.423	0.4355	0.3676	0.4299	0.4522 0 0 0]';
walk_var_afterpeak_polarr = [0	0	0  0.0233	0.0286	0.0243	0.0426	0.0446	0.0181	0.0165	0.0178	0.0183	0.0111	0.0154	0.0099	0.0158	0.009	0.0074	0.022	0.0227	0.0136	0.0154	0.0154	0.0363	0.0545	0.0666	0.082	0.0829	0.0956	0.0697	0.0706	0.078	0.0753	0.0714	0.0724	0.0756	0.0791	0.0849	0.0789	0.0704	0.0694	0.0705	0.0698	0.0704	0.0683	0.08	0.0773	0.0754	0.0816	0.0847	0.1394	0.1303	0.136	0.1364	0.1149	0.1168	0.1192	0.0563	0.0764	0.1394	0.1303	0.136	0.1364	0.1149	0.1168	0.1192	0.0563	0.0764	0.1287 0 0 0]';
walk_mean_afterpeak_gyro = [0	0   0	 20.9093	53.5944	48.7884	43.6523	44.2485	59.5546	58.08	54.2303	52.9325	41.1464	33.7902	55.398	60.3111	42.2039	33.6113	79.4776	77.5838	63.8209	39.8998	39.8998	87.4064	82.9477	83.3258	96.4361	102.0663	109.8526	113.1134	113.5699	113.1595	101.1354	108.8919	112.6353	113.9705	118.4498	101.4034	100.819	105.6927	108.7159	108.395	105.4608	97.5676	86.3732	82.3213	90.3282	88.9851	82.4772	89.934	105.6422	101.482	94.5425	87.464	79.6973	82.2902	83.4937	72.3918	81.8306	105.6422	101.482	94.5425	87.464	79.6973	82.2902	83.4937	72.3918	81.8306	89.5288 0 0 0]';
walk_var_afterpeak_gyro = [0.00  0.00	0.00 	135.46 	809.95 	804.64 	617.68 	615.12 	679.85 	630.29 	780.46 	754.38 	269.78 	606.82 	526.94 	800.64 	528.97 	171.47 	1521.30 	1596.40 	1427.30 	1417.70 	1417.70 	2528.70 	2576.40 	2631.40 	2395.90 	2773.60 	2919.60 	3035.70 	2919.20 	3422.80 	3116.60 	3157.70 	3132.70 	3011.10 	3171.30 	2903.20 	2935.20 	2620.50 	2465.90 	2487.80 	2676.20 	2585.00 	2074.80 	2145.20 	2264.10 	2340.30 	2403.20 	2150.40 	2400.00 	2382.20 	2362.60 	2510.60 	1999.30 	2056.80 	2125.20 	1426.30 	1450.00 	2400.00 	2382.20 	2362.60 	2510.60 	1999.30 	2056.80 	2125.20 	1426.30 	1450.00 	1668.40  0 0 0]';
% situp
situp_peak_polarr = [0.9088	0.7902	0.8408	1.3528	1.2822	0.8319	0.9157	0.934	1.2703	1.1659	1.0391	0.9521	0.7706	0.662	0.6628	0.6646	0.7128	0.6976	0.9377	1.0242	1.6556	1.3721	1.022	0.8613	0.9123	1.1743	0.9959	1.0525	1.3134	0.7466	0.7713	0.7128	0.6976	0.9377	1.0242	1.6556	1.3721	1.022	0.8613	0.9123	1.1743	0.9959	1.0525	1.3134	0.7466	0.7713	0.794	0.6741	0.6584	0.7995	0.846	0.708	0.7999	0.8338	1.0132	1.4742	0.9589	0.9696	0.9454	1.0648	1.0953	1.1099	1.1087	0.9809	0.8968	0.7726	0.7506	0.6467	0.6722	0.6779	0.7639	0.7777	0.621	0.6633	0.8248	1.1099	1.1087	0.9809	0.8968	0.7726	0.7506	0.6467	0.6722	0.6779	0.7639	0.7777	0.621	0.6633	0.8248	1.4668	0.8978	1.0357	0.9202	0.9944	0.9377	0.8825	1.3757	1.0787	1.0612	1.3335	0.9061	0.9328	0.8856	0.8367	0.7825	0.6633	0.6597	0.8297	0.6429	0.6958	0.7261	1.0138	1.2354	1.3552	1.2048	0.9884	0.8092	1.2101	1.3338	1.2253	1.1187	1.0915	0.7614	0.7951	0.6666	0.6578	0.8323	0.6958	0.7261	1.0138	1.2354	1.3552	1.2048	0.9884	0.8092	1.2101	1.3338	1.2253	1.1187	1.0915	0.7614	0.7951	0.6666	0.6578	0.8323	0.8916	0.8108	0.8052	0.7652	0.9128	0.8723	1.378	1.1309	0.8964	0.8356	0.9319	0.951	1.0659	0.9536	0.9094	0.9438	0.9255	0.9083	0.9137	0.91	0.9205	0.9221	0.9244	0.9316	0.9494	0.8896	0.9173	0.9224	0.9387	0.9227	0.9189	0.9247	0.9234	0.9194	0.923	0.9283	0.9341	0.9244	0.9192	0.9118	0.9056	0.9162	0.9209	0.9038	0.9303	0.9392	0.9329	0.9494	0.8896	0.9173	0.9224	0.9387	0.9227	0.9189	0.9247	0.9234	0.9194	0.923	0.9283	0.9341	0.9244	0.9192	0.9118	0.9056	0.9162	0.9209	0.9038	0.9303	0.9392	0.9329]';
